88880001
1111
88880002
1111
88880003
1111
88880004
1111
88880005
1111
88880006
1111
88880007
1111
88880008
1111
88880009
1111
88880010
1111
88880011
1111
88880012
1111
88880013
1111
88880014
1111
88880015
1111
88880016
1111
88880017
1111
88880018
1111
88880019
1111
88880020
1111
88880021
1111
88880022
1111
88880023
1111
88880024
1111
88880025
1111
88880026
1111
88880027
1111
88880028
1111
88880029
1111
88880030
1111
88880031
1111
88880032
1111
88880033
1111
88880034
1111
88880035
1111
88880036
1111
88880037
1111
88880038
1111
88880039
1111
88880040
1111
88880041
1111
88880042
1111
88880043
1111
88880044
1111
88880045
1111
88880046
1111
88880047
1111
88880048
1111
88880049
1111
88880050
1111
88880051
1111
88880052
1111
88880053
1111
88880054
1111
88880055
1111
88880056
1111
88880057
1111
88880058
1111
88880059
1111
88880060
1111
88880061
1111
88880062
1111
88880063
1111
88880064
1111
88880065
1111
88880066
1111
88880067
1111
88880068
1111
88880069
1111
88880070
1111
88880071
1111
88880072
1111
88880073
1111
88880074
1111
88880075
1111
88880076
1111
88880077
1111
88880078
1111
88880079
1111
88880080
1111
88880081
1111
88880082
1111
88880083
1111
88880084
1111
88880085
1111
88880086
1111
88880087
1111
88880088
1111
88880089
1111
88880090
1111
88880091
1111
88880092
1111
88880093
1111
88880094
1111
88880095
1111
88880096
1111
88880097
1111
88880098
1111
88880099
1111
88880100
1111
88880101
1111
88880102
1111
88880103
1111
88880104
1111
88880105
1111
88880106
1111
88880107
1111
88880108
1111
88880109
1111
88880110
1111
88880111
1111
88880112
1111
88880113
1111
88880114
1111
88880115
1111
88880116
1111
88880117
1111
88880118
1111
88880119
1111
88880120
1111
88880121
1111
88880122
1111
88880123
1111
88880124
1111
88880125
1111
88880126
1111
88880127
1111
88880128
1111
88880129
1111
88880130
1111
88880131
1111
88880132
1111
88880133
1111
88880134
1111
88880135
1111
88880136
1111
88880137
1111
88880138
1111
88880139
1111
88880140
1111
88880141
1111
88880142
1111
88880143
1111
88880144
1111
88880145
1111
88880146
1111
88880147
1111
88880148
1111
88880149
1111
88880150
1111
88880151
1111
88880152
1111
88880153
1111
88880154
1111
88880155
1111
88880156
1111
88880157
1111
88880158
1111
88880159
1111
88880160
1111
88880161
1111
88880162
1111
88880163
1111
88880164
1111
88880165
1111
88880166
1111
88880167
1111
88880168
1111
88880169
1111
88880170
1111
88880171
1111
88880172
1111
88880173
1111
88880174
1111
88880175
1111
88880176
1111
88880177
1111
88880178
1111
88880179
1111
88880180
1111
88880181
1111
88880182
1111
88880183
1111
88880184
1111
88880185
1111
88880186
1111
88880187
1111
88880188
1111
88880189
1111
88880190
1111
88880191
1111
88880192
1111
88880193
1111
88880194
1111
88880195
1111
88880196
1111
88880197
1111
88880198
1111
88880199
1111
88880200
1111
88880201
1111
88880202
1111
88880203
1111
88880204
1111
88880205
1111
88880206
1111
88880207
1111
88880208
1111
88880209
1111
88880210
1111
88880211
1111
88880212
1111
88880213
1111
88880214
1111
88880215
1111
88880216
1111
88880217
1111
88880218
1111
88880219
1111
88880220
1111
88880221
1111
88880222
1111
88880223
1111
88880224
1111
88880225
1111
88880226
1111
88880227
1111
88880228
1111
88880229
1111
88880230
1111
88880231
1111
88880232
1111
88880233
1111
88880234
1111
88880235
1111
88880236
1111
88880237
1111
88880238
1111
88880239
1111
88880240
1111
88880241
1111
88880242
1111
88880243
1111
88880244
1111
88880245
1111
88880246
1111
88880247
1111
88880248
1111
88880249
1111
88880250
1111
88880251
1111
88880252
1111
88880253
1111
88880254
1111
88880255
1111
88880256
1111
88880257
1111
88880258
1111
88880259
1111
88880260
1111
88880261
1111
88880262
1111
88880263
1111
88880264
1111
88880265
1111
88880266
1111
88880267
1111
88880268
1111
88880269
1111
88880270
1111
88880271
1111
88880272
1111
88880273
1111
88880274
1111
88880275
1111
88880276
1111
88880277
1111
88880278
1111
88880279
1111
88880280
1111
88880281
1111
88880282
1111
88880283
1111
88880284
1111
88880285
1111
88880286
1111
88880287
1111
88880288
1111
88880289
1111
88880290
1111
88880291
1111
88880292
1111
88880293
1111
88880294
1111
88880295
1111
88880296
1111
88880297
1111
88880298
1111
88880299
1111
88880300
1111
88880301
1111
88880302
1111
88880303
1111
88880304
1111
88880305
1111
88880306
1111
88880307
1111
88880308
1111
88880309
1111
88880310
1111
88880311
1111
88880312
1111
88880313
1111
88880314
1111
88880315
1111
88880316
1111
88880317
1111
88880318
1111
88880319
1111
88880320
1111
88880321
1111
88880322
1111
88880323
1111
88880324
1111
88880325
1111
88880326
1111
88880327
1111
88880328
1111
88880329
1111
88880330
1111
88880331
1111
88880332
1111
88880333
1111
88880334
1111
88880335
1111
88880336
1111
88880337
1111
88880338
1111
88880339
1111
88880340
1111
88880341
1111
88880342
1111
88880343
1111
88880344
1111
88880345
1111
88880346
1111
88880347
1111
88880348
1111
88880349
1111
88880350
1111
88880351
1111
88880352
1111
88880353
1111
88880354
1111
88880355
1111
88880356
1111
88880357
1111
88880358
1111
88880359
1111
88880360
1111
88880361
1111
88880362
1111
88880363
1111
88880364
1111
88880365
1111
88880366
1111
88880367
1111
88880368
1111
88880369
1111
88880370
1111
88880371
1111
88880372
1111
88880373
1111
88880374
1111
88880375
1111
88880376
1111
88880377
1111
88880378
1111
88880379
1111
88880380
1111
88880381
1111
88880382
1111
88880383
1111
88880384
1111
88880385
1111
88880386
1111
88880387
1111
88880388
1111
88880389
1111
88880390
1111
88880391
1111
88880392
1111
88880393
1111
88880394
1111
88880395
1111
88880396
1111
88880397
1111
88880398
1111
88880399
1111
88880400
1111
88880401
1111
88880402
1111
88880403
1111
88880404
1111
88880405
1111
88880406
1111
88880407
1111
88880408
1111
88880409
1111
88880410
1111
88880411
1111
88880412
1111
88880413
1111
88880414
1111
88880415
1111
88880416
1111
88880417
1111
88880418
1111
88880419
1111
88880420
1111
88880421
1111
88880422
1111
88880423
1111
88880424
1111
88880425
1111
88880426
1111
88880427
1111
88880428
1111
88880429
1111
88880430
1111
88880431
1111
88880432
1111
88880433
1111
88880434
1111
88880435
1111
88880436
1111
88880437
1111
88880438
1111
88880439
1111
88880440
1111
88880441
1111
88880442
1111
88880443
1111
88880444
1111
88880445
1111
88880446
1111
88880447
1111
88880448
1111
88880449
1111
88880450
1111
88880451
1111
88880452
1111
88880453
1111
88880454
1111
88880455
1111
88880456
1111
88880457
1111
88880458
1111
88880459
1111
88880460
1111
88880461
1111
88880462
1111
88880463
1111
88880464
1111
88880465
1111
88880466
1111
88880467
1111
88880468
1111
88880469
1111
88880470
1111
88880471
1111
88880472
1111
88880473
1111
88880474
1111
88880475
1111
88880476
1111
88880477
1111
88880478
1111
88880479
1111
88880480
1111
88880481
1111
88880482
1111
88880483
1111
88880484
1111
88880485
1111
88880486
1111
88880487
1111
88880488
1111
88880489
1111
88880490
1111
88880491
1111
88880492
1111
88880493
1111
88880494
1111
88880495
1111
88880496
1111
88880497
1111
88880498
1111
88880499
1111
88880500
1111
88880501
1111
88880502
1111
88880503
1111
88880504
1111
88880505
1111
88880506
1111
88880507
1111
88880508
1111
88880509
1111
88880510
1111
88880511
1111
88880512
1111
88880513
1111
88880514
1111
88880515
1111
88880516
1111
88880517
1111
88880518
1111
88880519
1111
88880520
1111
88880521
1111
88880522
1111
88880523
1111
88880524
1111
88880525
1111
88880526
1111
88880527
1111
88880528
1111
88880529
1111
88880530
1111
88880531
1111
88880532
1111
88880533
1111
88880534
1111
88880535
1111
88880536
1111
88880537
1111
88880538
1111
88880539
1111
88880540
1111
88880541
1111
88880542
1111
88880543
1111
88880544
1111
88880545
1111
88880546
1111
88880547
1111
88880548
1111
88880549
1111
88880550
1111
88880551
1111
88880552
1111
88880553
1111
88880554
1111
88880555
1111
88880556
1111
88880557
1111
88880558
1111
88880559
1111
88880560
1111
88880561
1111
88880562
1111
88880563
1111
88880564
1111
88880565
1111
88880566
1111
88880567
1111
88880568
1111
88880569
1111
88880570
1111
88880571
1111
88880572
1111
88880573
1111
88880574
1111
88880575
1111
88880576
1111
88880577
1111
88880578
1111
88880579
1111
88880580
1111
88880581
1111
88880582
1111
88880583
1111
88880584
1111
88880585
1111
88880586
1111
88880587
1111
88880588
1111
88880589
1111
88880590
1111
88880591
1111
88880592
1111
88880593
1111
88880594
1111
88880595
1111
88880596
1111
88880597
1111
88880598
1111
88880599
1111
88880600
1111
88880601
1111
88880602
1111
88880603
1111
88880604
1111
88880605
1111
88880606
1111
88880607
1111
88880608
1111
88880609
1111
88880610
1111
88880611
1111
88880612
1111
88880613
1111
88880614
1111
88880615
1111
88880616
1111
88880617
1111
88880618
1111
88880619
1111
88880620
1111
88880621
1111
88880622
1111
88880623
1111
88880624
1111
88880625
1111
88880626
1111
88880627
1111
88880628
1111
88880629
1111
88880630
1111
88880631
1111
88880632
1111
88880633
1111
88880634
1111
88880635
1111
88880636
1111
88880637
1111
88880638
1111
88880639
1111
88880640
1111
88880641
1111
88880642
1111
88880643
1111
88880644
1111
88880645
1111
88880646
1111
88880647
1111
88880648
1111
88880649
1111
88880650
1111
88880651
1111
88880652
1111
88880653
1111
88880654
1111
88880655
1111
88880656
1111
88880657
1111
88880658
1111
88880659
1111
88880660
1111
88880661
1111
88880662
1111
88880663
1111
88880664
1111
88880665
1111
88880666
1111
88880667
1111
88880668
1111
88880669
1111
88880670
1111
88880671
1111
88880672
1111
88880673
1111
88880674
1111
88880675
1111
88880676
1111
88880677
1111
88880678
1111
88880679
1111
88880680
1111
88880681
1111
88880682
1111
88880683
1111
88880684
1111
88880685
1111
88880686
1111
88880687
1111
88880688
1111
88880689
1111
88880690
1111
88880691
1111
88880692
1111
88880693
1111
88880694
1111
88880695
1111
88880696
1111
88880697
1111
88880698
1111
88880699
1111
88880700
1111
88880701
1111
88880702
1111
88880703
1111
88880704
1111
88880705
1111
88880706
1111
88880707
1111
88880708
1111
88880709
1111
88880710
1111
88880711
1111
88880712
1111
88880713
1111
88880714
1111
88880715
1111
88880716
1111
88880717
1111
88880718
1111
88880719
1111
88880720
1111
88880721
1111
88880722
1111
88880723
1111
88880724
1111
88880725
1111
88880726
1111
88880727
1111
88880728
1111
88880729
1111
88880730
1111
88880731
1111
88880732
1111
88880733
1111
88880734
1111
88880735
1111
88880736
1111
88880737
1111
88880738
1111
88880739
1111
88880740
1111
88880741
1111
88880742
1111
88880743
1111
88880744
1111
88880745
1111
88880746
1111
88880747
1111
88880748
1111
88880749
1111
88880750
1111
88880751
1111
88880752
1111
88880753
1111
88880754
1111
88880755
1111
88880756
1111
88880757
1111
88880758
1111
88880759
1111
88880760
1111
88880761
1111
88880762
1111
88880763
1111
88880764
1111
88880765
1111
88880766
1111
88880767
1111
88880768
1111
88880769
1111
88880770
1111
88880771
1111
88880772
1111
88880773
1111
88880774
1111
88880775
1111
88880776
1111
88880777
1111
88880778
1111
88880779
1111
88880780
1111
88880781
1111
88880782
1111
88880783
1111
88880784
1111
88880785
1111
88880786
1111
88880787
1111
88880788
1111
88880789
1111
88880790
1111
88880791
1111
88880792
1111
88880793
1111
88880794
1111
88880795
1111
88880796
1111
88880797
1111
88880798
1111
88880799
1111
88880800
1111
88880801
1111
88880802
1111
88880803
1111
88880804
1111
88880805
1111
88880806
1111
88880807
1111
88880808
1111
88880809
1111
88880810
1111
88880811
1111
88880812
1111
88880813
1111
88880814
1111
88880815
1111
88880816
1111
88880817
1111
88880818
1111
88880819
1111
88880820
1111
88880821
1111
88880822
1111
88880823
1111
88880824
1111
88880825
1111
88880826
1111
88880827
1111
88880828
1111
88880829
1111
88880830
1111
88880831
1111
88880832
1111
88880833
1111
88880834
1111
88880835
1111
88880836
1111
88880837
1111
88880838
1111
88880839
1111
88880840
1111
88880841
1111
88880842
1111
88880843
1111
88880844
1111
88880845
1111
88880846
1111
88880847
1111
88880848
1111
88880849
1111
88880850
1111
88880851
1111
88880852
1111
88880853
1111
88880854
1111
88880855
1111
88880856
1111
88880857
1111
88880858
1111
88880859
1111
88880860
1111
88880861
1111
88880862
1111
88880863
1111
88880864
1111
88880865
1111
88880866
1111
88880867
1111
88880868
1111
88880869
1111
88880870
1111
88880871
1111
88880872
1111
88880873
1111
88880874
1111
88880875
1111
88880876
1111
88880877
1111
88880878
1111
88880879
1111
88880880
1111
88880881
1111
88880882
1111
88880883
1111
88880884
1111
88880885
1111
88880886
1111
88880887
1111
88880888
1111
88880889
1111
88880890
1111
88880891
1111
88880892
1111
88880893
1111
88880894
1111
88880895
1111
88880896
1111
88880897
1111
88880898
1111
88880899
1111
88880900
1111
88880901
1111
88880902
1111
88880903
1111
88880904
1111
88880905
1111
88880906
1111
88880907
1111
88880908
1111
88880909
1111
88880910
1111
88880911
1111
88880912
1111
88880913
1111
88880914
1111
88880915
1111
88880916
1111
88880917
1111
88880918
1111
88880919
1111
88880920
1111
88880921
1111
88880922
1111
88880923
1111
88880924
1111
88880925
1111
88880926
1111
88880927
1111
88880928
1111
88880929
1111
88880930
1111
88880931
1111
88880932
1111
88880933
1111
88880934
1111
88880935
1111
88880936
1111
88880937
1111
88880938
1111
88880939
1111
88880940
1111
88880941
1111
88880942
1111
88880943
1111
88880944
1111
88880945
1111
88880946
1111
88880947
1111
88880948
1111
88880949
1111
88880950
1111
88880951
1111
88880952
1111
88880953
1111
88880954
1111
88880955
1111
88880956
1111
88880957
1111
88880958
1111
88880959
1111
88880960
1111
88880961
1111
88880962
1111
88880963
1111
88880964
1111
88880965
1111
88880966
1111
88880967
1111
88880968
1111
88880969
1111
88880970
1111
88880971
1111
88880972
1111
88880973
1111
88880974
1111
88880975
1111
88880976
1111
88880977
1111
88880978
1111
88880979
1111
88880980
1111
88880981
1111
88880982
1111
88880983
1111
88880984
1111
88880985
1111
88880986
1111
88880987
1111
88880988
1111
88880989
1111
88880990
1111
88880991
1111
88880992
1111
88880993
1111
88880994
1111
88880995
1111
88880996
1111
88880997
1111
88880998
1111
88880999
1111
88881000
1111
88881001
1111
88881002
1111
88881003
1111
88881004
1111
88881005
1111
88881006
1111
88881007
1111
88881008
1111
88881009
1111
88881010
1111
88881011
1111
88881012
1111
88881013
1111
88881014
1111
88881015
1111
88881016
1111
88881017
1111
88881018
1111
88881019
1111
88881020
1111
88881021
1111
88881022
1111
88881023
1111
88881024
1111
88881025
1111
88881026
1111
88881027
1111
88881028
1111
88881029
1111
88881030
1111
88881031
1111
88881032
1111
88881033
1111
88881034
1111
88881035
1111
88881036
1111
88881037
1111
88881038
1111
88881039
1111
88881040
1111
88881041
1111
88881042
1111
88881043
1111
88881044
1111
88881045
1111
88881046
1111
88881047
1111
88881048
1111
88881049
1111
88881050
1111
88881051
1111
88881052
1111
88881053
1111
88881054
1111
88881055
1111
88881056
1111
88881057
1111
88881058
1111
88881059
1111
88881060
1111
88881061
1111
88881062
1111
88881063
1111
88881064
1111
88881065
1111
88881066
1111
88881067
1111
88881068
1111
88881069
1111
88881070
1111
88881071
1111
88881072
1111
88881073
1111
88881074
1111
88881075
1111
88881076
1111
88881077
1111
88881078
1111
88881079
1111
88881080
1111
88881081
1111
88881082
1111
88881083
1111
88881084
1111
88881085
1111
88881086
1111
88881087
1111
88881088
1111
88881089
1111
88881090
1111
88881091
1111
88881092
1111
88881093
1111
88881094
1111
88881095
1111
88881096
1111
88881097
1111
88881098
1111
88881099
1111
88881100
1111
88881101
1111
88881102
1111
88881103
1111
88881104
1111
88881105
1111
88881106
1111
88881107
1111
88881108
1111
88881109
1111
88881110
1111
88881111
1111
88881112
1111
88881113
1111
88881114
1111
88881115
1111
88881116
1111
88881117
1111
88881118
1111
88881119
1111
88881120
1111
88881121
1111
88881122
1111
88881123
1111
88881124
1111
88881125
1111
88881126
1111
88881127
1111
88881128
1111
88881129
1111
88881130
1111
88881131
1111
88881132
1111
88881133
1111
88881134
1111
88881135
1111
88881136
1111
88881137
1111
88881138
1111
88881139
1111
88881140
1111
88881141
1111
88881142
1111
88881143
1111
88881144
1111
88881145
1111
88881146
1111
88881147
1111
88881148
1111
88881149
1111
88881150
1111
88881151
1111
88881152
1111
88881153
1111
88881154
1111
88881155
1111
88881156
1111
88881157
1111
88881158
1111
88881159
1111
88881160
1111
88881161
1111
88881162
1111
88881163
1111
88881164
1111
88881165
1111
88881166
1111
88881167
1111
88881168
1111
88881169
1111
88881170
1111
88881171
1111
88881172
1111
88881173
1111
88881174
1111
88881175
1111
88881176
1111
88881177
1111
88881178
1111
88881179
1111
88881180
1111
88881181
1111
88881182
1111
88881183
1111
88881184
1111
88881185
1111
88881186
1111
88881187
1111
88881188
1111
88881189
1111
88881190
1111
88881191
1111
88881192
1111
88881193
1111
88881194
1111
88881195
1111
88881196
1111
88881197
1111
88881198
1111
88881199
1111
88881200
1111
88881201
1111
88881202
1111
88881203
1111
88881204
1111
88881205
1111
88881206
1111
88881207
1111
88881208
1111
88881209
1111
88881210
1111
88881211
1111
88881212
1111
88881213
1111
88881214
1111
88881215
1111
88881216
1111
88881217
1111
88881218
1111
88881219
1111
88881220
1111
88881221
1111
88881222
1111
88881223
1111
88881224
1111
88881225
1111
88881226
1111
88881227
1111
88881228
1111
88881229
1111
88881230
1111
88881231
1111
88881232
1111
88881233
1111
88881234
1111
88881235
1111
88881236
1111
88881237
1111
88881238
1111
88881239
1111
88881240
1111
88881241
1111
88881242
1111
88881243
1111
88881244
1111
88881245
1111
88881246
1111
88881247
1111
88881248
1111
88881249
1111
88881250
1111
88881251
1111
88881252
1111
88881253
1111
88881254
1111
88881255
1111
88881256
1111
88881257
1111
88881258
1111
88881259
1111
88881260
1111
88881261
1111
88881262
1111
88881263
1111
88881264
1111
88881265
1111
88881266
1111
88881267
1111
88881268
1111
88881269
1111
88881270
1111
88881271
1111
88881272
1111
88881273
1111
88881274
1111
88881275
1111
88881276
1111
88881277
1111
88881278
1111
88881279
1111
88881280
1111
88881281
1111
88881282
1111
88881283
1111
88881284
1111
88881285
1111
88881286
1111
88881287
1111
88881288
1111
88881289
1111
88881290
1111
88881291
1111
88881292
1111
88881293
1111
88881294
1111
88881295
1111
88881296
1111
88881297
1111
88881298
1111
88881299
1111
88881300
1111
88881301
1111
88881302
1111
88881303
1111
88881304
1111
88881305
1111
88881306
1111
88881307
1111
88881308
1111
88881309
1111
88881310
1111
88881311
1111
88881312
1111
88881313
1111
88881314
1111
88881315
1111
88881316
1111
88881317
1111
88881318
1111
88881319
1111
88881320
1111
88881321
1111
88881322
1111
88881323
1111
88881324
1111
88881325
1111
88881326
1111
88881327
1111
88881328
1111
88881329
1111
88881330
1111
88881331
1111
88881332
1111
88881333
1111
88881334
1111
88881335
1111
88881336
1111
88881337
1111
88881338
1111
88881339
1111
88881340
1111
88881341
1111
88881342
1111
88881343
1111
88881344
1111
88881345
1111
88881346
1111
88881347
1111
88881348
1111
88881349
1111
88881350
1111
88881351
1111
88881352
1111
88881353
1111
88881354
1111
88881355
1111
88881356
1111
88881357
1111
88881358
1111
88881359
1111
88881360
1111
88881361
1111
88881362
1111
88881363
1111
88881364
1111
88881365
1111
88881366
1111
88881367
1111
88881368
1111
88881369
1111
88881370
1111
88881371
1111
88881372
1111
88881373
1111
88881374
1111
88881375
1111
88881376
1111
88881377
1111
88881378
1111
88881379
1111
88881380
1111
88881381
1111
88881382
1111
88881383
1111
88881384
1111
88881385
1111
88881386
1111
88881387
1111
88881388
1111
88881389
1111
88881390
1111
88881391
1111
88881392
1111
88881393
1111
88881394
1111
88881395
1111
88881396
1111
88881397
1111
88881398
1111
88881399
1111
88881400
1111
88881401
1111
88881402
1111
88881403
1111
88881404
1111
88881405
1111
88881406
1111
88881407
1111
88881408
1111
88881409
1111
88881410
1111
88881411
1111
88881412
1111
88881413
1111
88881414
1111
88881415
1111
88881416
1111
88881417
1111
88881418
1111
88881419
1111
88881420
1111
88881421
1111
88881422
1111
88881423
1111
88881424
1111
88881425
1111
88881426
1111
88881427
1111
88881428
1111
88881429
1111
88881430
1111
88881431
1111
88881432
1111
88881433
1111
88881434
1111
88881435
1111
88881436
1111
88881437
1111
88881438
1111
88881439
1111
88881440
1111
88881441
1111
88881442
1111
88881443
1111
88881444
1111
88881445
1111
88881446
1111
88881447
1111
88881448
1111
88881449
1111
88881450
1111
88881451
1111
88881452
1111
88881453
1111
88881454
1111
88881455
1111
88881456
1111
88881457
1111
88881458
1111
88881459
1111
88881460
1111
88881461
1111
88881462
1111
88881463
1111
88881464
1111
88881465
1111
88881466
1111
88881467
1111
88881468
1111
88881469
1111
88881470
1111
88881471
1111
88881472
1111
88881473
1111
88881474
1111
88881475
1111
88881476
1111
88881477
1111
88881478
1111
88881479
1111
88881480
1111
88881481
1111
88881482
1111
88881483
1111
88881484
1111
88881485
1111
88881486
1111
88881487
1111
88881488
1111
88881489
1111
88881490
1111
88881491
1111
88881492
1111
88881493
1111
88881494
1111
88881495
1111
88881496
1111
88881497
1111
88881498
1111
88881499
1111
88881500
1111
88881501
1111
88881502
1111
88881503
1111
88881504
1111
88881505
1111
88881506
1111
88881507
1111
88881508
1111
88881509
1111
88881510
1111
88881511
1111
88881512
1111
88881513
1111
88881514
1111
88881515
1111
88881516
1111
88881517
1111
88881518
1111
88881519
1111
88881520
1111
88881521
1111
88881522
1111
88881523
1111
88881524
1111
88881525
1111
88881526
1111
88881527
1111
88881528
1111
88881529
1111
88881530
1111
88881531
1111
88881532
1111
88881533
1111
88881534
1111
88881535
1111
88881536
1111
88881537
1111
88881538
1111
88881539
1111
88881540
1111
88881541
1111
88881542
1111
88881543
1111
88881544
1111
88881545
1111
88881546
1111
88881547
1111
88881548
1111
88881549
1111
88881550
1111
88881551
1111
88881552
1111
88881553
1111
88881554
1111
88881555
1111
88881556
1111
88881557
1111
88881558
1111
88881559
1111
88881560
1111
88881561
1111
88881562
1111
88881563
1111
88881564
1111
88881565
1111
88881566
1111
88881567
1111
88881568
1111
88881569
1111
88881570
1111
88881571
1111
88881572
1111
88881573
1111
88881574
1111
88881575
1111
88881576
1111
88881577
1111
88881578
1111
88881579
1111
88881580
1111
88881581
1111
88881582
1111
88881583
1111
88881584
1111
88881585
1111
88881586
1111
88881587
1111
88881588
1111
88881589
1111
88881590
1111
88881591
1111
88881592
1111
88881593
1111
88881594
1111
88881595
1111
88881596
1111
88881597
1111
88881598
1111
88881599
1111
88881600
1111
88881601
1111
88881602
1111
88881603
1111
88881604
1111
88881605
1111
88881606
1111
88881607
1111
88881608
1111
88881609
1111
88881610
1111
88881611
1111
88881612
1111
88881613
1111
88881614
1111
88881615
1111
88881616
1111
88881617
1111
88881618
1111
88881619
1111
88881620
1111
88881621
1111
88881622
1111
88881623
1111
88881624
1111
88881625
1111
88881626
1111
88881627
1111
88881628
1111
88881629
1111
88881630
1111
88881631
1111
88881632
1111
88881633
1111
88881634
1111
88881635
1111
88881636
1111
88881637
1111
88881638
1111
88881639
1111
88881640
1111
88881641
1111
88881642
1111
88881643
1111
88881644
1111
88881645
1111
88881646
1111
88881647
1111
88881648
1111
88881649
1111
88881650
1111
88881651
1111
88881652
1111
88881653
1111
88881654
1111
88881655
1111
88881656
1111
88881657
1111
88881658
1111
88881659
1111
88881660
1111
88881661
1111
88881662
1111
88881663
1111
88881664
1111
88881665
1111
88881666
1111
88881667
1111
88881668
1111
88881669
1111
88881670
1111
88881671
1111
88881672
1111
88881673
1111
88881674
1111
88881675
1111
88881676
1111
88881677
1111
88881678
1111
88881679
1111
88881680
1111
88881681
1111
88881682
1111
88881683
1111
88881684
1111
88881685
1111
88881686
1111
88881687
1111
88881688
1111
88881689
1111
88881690
1111
88881691
1111
88881692
1111
88881693
1111
88881694
1111
88881695
1111
88881696
1111
88881697
1111
88881698
1111
88881699
1111
88881700
1111
88881701
1111
88881702
1111
88881703
1111
88881704
1111
88881705
1111
88881706
1111
88881707
1111
88881708
1111
88881709
1111
88881710
1111
88881711
1111
88881712
1111
88881713
1111
88881714
1111
88881715
1111
88881716
1111
88881717
1111
88881718
1111
88881719
1111
88881720
1111
88881721
1111
88881722
1111
88881723
1111
88881724
1111
88881725
1111
88881726
1111
88881727
1111
88881728
1111
88881729
1111
88881730
1111
88881731
1111
88881732
1111
88881733
1111
88881734
1111
88881735
1111
88881736
1111
88881737
1111
88881738
1111
88881739
1111
88881740
1111
88881741
1111
88881742
1111
88881743
1111
88881744
1111
88881745
1111
88881746
1111
88881747
1111
88881748
1111
88881749
1111
88881750
1111
88881751
1111
88881752
1111
88881753
1111
88881754
1111
88881755
1111
88881756
1111
88881757
1111
88881758
1111
88881759
1111
88881760
1111
88881761
1111
88881762
1111
88881763
1111
88881764
1111
88881765
1111
88881766
1111
88881767
1111
88881768
1111
88881769
1111
88881770
1111
88881771
1111
88881772
1111
88881773
1111
88881774
1111
88881775
1111
88881776
1111
88881777
1111
88881778
1111
88881779
1111
88881780
1111
88881781
1111
88881782
1111
88881783
1111
88881784
1111
88881785
1111
88881786
1111
88881787
1111
88881788
1111
88881789
1111
88881790
1111
88881791
1111
88881792
1111
88881793
1111
88881794
1111
88881795
1111
88881796
1111
88881797
1111
88881798
1111
88881799
1111
88881800
1111
88881801
1111
88881802
1111
88881803
1111
88881804
1111
88881805
1111
88881806
1111
88881807
1111
88881808
1111
88881809
1111
88881810
1111
88881811
1111
88881812
1111
88881813
1111
88881814
1111
88881815
1111
88881816
1111
88881817
1111
88881818
1111
88881819
1111
88881820
1111
88881821
1111
88881822
1111
88881823
1111
88881824
1111
88881825
1111
88881826
1111
88881827
1111
88881828
1111
88881829
1111
88881830
1111
88881831
1111
88881832
1111
88881833
1111
88881834
1111
88881835
1111
88881836
1111
88881837
1111
88881838
1111
88881839
1111
88881840
1111
88881841
1111
88881842
1111
88881843
1111
88881844
1111
88881845
1111
88881846
1111
88881847
1111
88881848
1111
88881849
1111
88881850
1111
88881851
1111
88881852
1111
88881853
1111
88881854
1111
88881855
1111
88881856
1111
88881857
1111
88881858
1111
88881859
1111
88881860
1111
88881861
1111
88881862
1111
88881863
1111
88881864
1111
88881865
1111
88881866
1111
88881867
1111
88881868
1111
88881869
1111
88881870
1111
88881871
1111
88881872
1111
88881873
1111
88881874
1111
88881875
1111
88881876
1111
88881877
1111
88881878
1111
88881879
1111
88881880
1111
88881881
1111
88881882
1111
88881883
1111
88881884
1111
88881885
1111
88881886
1111
88881887
1111
88881888
1111
88881889
1111
88881890
1111
88881891
1111
88881892
1111
88881893
1111
88881894
1111
88881895
1111
88881896
1111
88881897
1111
88881898
1111
88881899
1111
88881900
1111
88881901
1111
88881902
1111
88881903
1111
88881904
1111
88881905
1111
88881906
1111
88881907
1111
88881908
1111
88881909
1111
88881910
1111
88881911
1111
88881912
1111
88881913
1111
88881914
1111
88881915
1111
88881916
1111
88881917
1111
88881918
1111
88881919
1111
88881920
1111
88881921
1111
88881922
1111
88881923
1111
88881924
1111
88881925
1111
88881926
1111
88881927
1111
88881928
1111
88881929
1111
88881930
1111
88881931
1111
88881932
1111
88881933
1111
88881934
1111
88881935
1111
88881936
1111
88881937
1111
88881938
1111
88881939
1111
88881940
1111
88881941
1111
88881942
1111
88881943
1111
88881944
1111
88881945
1111
88881946
1111
88881947
1111
88881948
1111
88881949
1111
88881950
1111
88881951
1111
88881952
1111
88881953
1111
88881954
1111
88881955
1111
88881956
1111
88881957
1111
88881958
1111
88881959
1111
88881960
1111
88881961
1111
88881962
1111
88881963
1111
88881964
1111
88881965
1111
88881966
1111
88881967
1111
88881968
1111
88881969
1111
88881970
1111
88881971
1111
88881972
1111
88881973
1111
88881974
1111
88881975
1111
88881976
1111
88881977
1111
88881978
1111
88881979
1111
88881980
1111
88881981
1111
88881982
1111
88881983
1111
88881984
1111
88881985
1111
88881986
1111
88881987
1111
88881988
1111
88881989
1111
88881990
1111
88881991
1111
88881992
1111
88881993
1111
88881994
1111
88881995
1111
88881996
1111
88881997
1111
88881998
1111
88881999
1111
88882000
1111
